296
306
307
665
899
1088
1175
1217
1237
1250
1260
1653
2011
2012
2068
2161
2351
2573
2632
2692
2843
3448
3569
3949
4144
4308
4325
4422
4703
4973
5147
5269
5684
5878
5952
6016
6370
6377
6539
6711
6954
7209
7234
7318
7323
7327
7361
7365
7820
7937
7938
7939
7940
8014
8154
8327
8360
8405
8786
8873
8973
27193
27266
27721
31956
32591
1
62
110
150
151
236
260
261
266
318
333
349
356
364
380
457
480
497
524
527
534
553
588
589
653
733
858
914
953
1035
1080
1136
1196
1197
1198
1201
1210
1246
1257
1270
1271
1275
1283
1287
1291
1293
1299
1302
1356
1374
1376
1393
1431
1465
1485
1488
1527
1580
1584
1587
1610
1672
1674
1682
1693
1722
1873
1907
1923
1957
1968
2028
2081
2083
2115
2138
2139
2150
2194
2268
2273
2294
2324
2355
2359
2406
2470
2496
2501
2571
2617
2640
2643
2694
2720
2745
2761
2762
2797
2918
2987
3098
3105
3107
3114
3148
3175
3360
3396
3479
3510
3578
3793
3889
3916
3948
3994
4016
4019
4022
4023
4103
4299
4306
4535
4571
4720
4857
4874
4886
4896
4963
4993
4995
5010
5103
5349
5418
5445
5574
5816
5955
6156
6157
6213
6287
6311
6333
6565
6753
6879
6947
7004
7007
7075
7090
7143
7153
7162
7386
7624
8010
8368
8636
8665
8958
8961
8970
27821
30749
30848
31923
33166
33493
33660
33794
34162
35836
36527
40815
29
32
50
111
172
173
214
293
442
541
593
741
745
778
780
912
913
924
1089
1127
1148
1200
1206
1208
1213
1214
1221
1222
1240
1252
1274
1320
1676
1732
1748
1882
1909
1960
2019
2021
2105
2329
2542
2628
2641
2858
2938
2959
3091
3156
3285
3300
3301
3328
3408
3452
3471
3484
3527
3534
3535
3646
3702
3730
3744
3745
3751
3753
3755
3785
3798
3825
3827
3863
3879
3968
3969
3977
3979
3980
3986
3988
3991
3993
3996
3999
4011
4018
4025
4027
4034
4069
4148
4167
4226
4232
4234
4246
4262
4340
4343
4344
4366
4367
4368
4369
4383
4388
4447
4448
4643
4701
4718
4776
4816
4844
4866
4887
4901
4958
4975
4979
4992
5004
5013
5014
5108
5218
5219
5225
5254
5266
5291
5293
5313
5364
5377
5378
5388
5400
5449
5459
5479
5502
5507
5528
5630
5669
5679
5782
5785
5810
5853
5872
5900
5903
5944
5945
5954
5956
5959
5989
5991
6059
6155
6281
6283
6323
6365
6373
6378
6383
6440
6482
6502
6534
6535
6537
6541
6548
6550
6564
6586
6595
6708
6754
6863
6870
6873
6874
6934
6952
7147
7149
7154
7163
7293
7325
7346
7347
7373
7438
7439
7445
7454
7458
8361
8370
8371
8528
8529
8641
8644
8666
8781
8783
8798
8810
8861
8865
8874
8965
8969
8983
8984
8985
27134
27660
27706
27728
27773
27793
27803
27808
30707
30793
30825
31184
31221
31685
31696
31804
31878
32587
33004
33615
33679
34048
34150
34319
34405
34437
36519
36529
37386
37727
37729
37741
39435
40583
40819
41566
41569
42738
43928
44022
44191
45186
45447
45499
45501
45517
45666
45672
45722
46335
46578
46965
46970
46972
47200
47610
48385
48394
48516
48738
48774
48780
49272
49274
49278
49530
49822
50068
50872
51255
51662
51935
52604
52722
52950
53121
53125
53129
53464
53972
53996
54001
54286
54503
54648
54997
55232
55765
55805
55820
56145
56156
56171
56174
56587
56782
56949
57368
57528
57640
57669
58025
58559
59315
59369
59501
59615
59784
59900
60040
60069
60072
60074
60126
60684
60756
60760
61132
61160
61248
61323
61350
62849
62999
63062
63072
63113
63859
63876
64030
64614
64839
64957
65514
65682
66097
67255
67923
68157
68319
68358
68554
68791
68793
68952
69122
69481
69526
69640
69844
70286
70293
70305
70336
71057
71156
71464
71530
71535
72011
72209
72378
72641
72701
72998
73017
73268
73321
73323
74458
74789
76077
76093
76251
77561
78469
78499
79091
79132
79224
79293
79695
80363
80463
81229
81537
81564
81591
81834
81845
82095
82202
82461
83349
83613
84152
84772
84954
85020
85056
85131
85261
85414
86332
86644
86880
86911
87232
87306
87430
87520
87876
88125
88140
88405
88744
89492
89745
89753
90249
90866
91500
91529
91542
91630
91658
91974
91976
93363
93805
94018
94677
94777
94864
95441
95510
95875
96079
96610
96691
96737
96861
97225
97306
97921
97923
98809
99112
99114
101864
102125
102407
102445
102686
102716
102880
102903
103075
103141
103228
103249
103253
103384
103772
103810
104241
104243
104841
105213
106002
106072
106100
106487
106489
106782
106920
107348
107406
108190
108932
108945
109374
109487
109578
110102
110407
110730
111113
111360
111362
111443
111659
111759
112138
112171
112370
112552
112556
112623
112852
113345
114180
114847
114935
115569
115617
115713
116797
116823
116897
117529
117533
120466
122882
122886
122892
122896
122900
122906
122912
122914
122918
122920
122922
122924
129354
130490
130634
132046
134130
134853
135133
135143
135536
135569
136020
136449
136469
136864
139385
139644
140956
142509
143385
148626
149406
158238
158966
159093
164179
166528
166635
168252
168612
171763
175197
176101
176371
179819
182823
187541
187593
1036
1220
1265
1278
1288
2716
2791
2951
2985
2993
3033
3039
3624
3671
3681
4709
4974
5110
5299
5444
5618
7324
7451
7569
8914
38038
44193
44665
45431
46948
48982
49396
49649
50601
53956
54881
68954
71264
72226
74530
76175
77866
78893
79185
79702
83134
86345
91485
93510
93838
93840
96110
97304
97913
103341
106916
111781
115122
115149
119145
122904
127098
138036
142115
152081
156706
159817
168248
171011
173145
174055
179401
182715
189333
195159
200818
200838
203519
19
36
39
47
88
95
104
113
122
141
147
153
170
191
216
218
219
224
231
235
238
248
253
267
277
288
292
300
312
337
340
342
344
350
372
416
432
435
440
441
477
487
491
500
542
590
592
595
608
628
671
736
784
786
788
802
839
1016
1042
1047
1061
1073
1093
1097
1120
1194
1234
1235
1290
1344
1357
1380
1407
1409
161
902
919
1183
1203
1466
1704
1951
2396
2421
2815
10
17
28
58
165
185
232
265
308
329
410
3
6
7
11
16
18
21
25
27
69
103
112
125
145
163
180
198
201
207
209
223
225
237
290
316
325
358
377
428
454
474
490
494
511
551
575
594
648
708
725
750
785
799
805
875
903
904
923
1012
1020
1022
1029
1032
1049
1092
1101
1129
1207
1242
1258
1259
1282
1358
1370
1385
1391
1429
1438
1440
1479
1552
1573
1597
1600
1603
1614
1616
1617
1625
1645
1717
1721
1729
1747
1777
1783
2
34
61
105
116
158
168
256
273
276
280
317
355
361
362
366
370
374
378
387
419
420
434
445
455
464
466
516
519
520
539
540
585
586
587
596
597
611
616
667
818
852
920
934
938
943
952
954
968
969
971
1005
1007
1008
1010
1011
1013
1014
1015
1017
1018
1019
1021
1023
1028
1030
1031
1079
1084
1090
1100
1124
1125
1126
1135
1204
1219
1225
1247
1262
1266
1298
1307
1321
1322
1326
1327
1328
1333
1343
1345
1347
1350
1367
1371
1372
1373
1375
1378
1379
1381
1387
1388
1389
1394
5060
193
1186
1962
2085
2094
2505
2572
2605
2707
2826
2915
2944
3361
3868
4361
5049
5508
6953
7444
7566
52767
53000
53953
2581
2881
3146
4210
4745
5296
8910
33669
42723
48043
54272
20
22
31
45
48
54
68
97
101
140
160
175
176
186
203
215
222
249
252
257
268
313
319
343
351
367
368
376
413
415
433
450
471
478
489
505
508
514
515
518
528
531
532
538
543
546
555
562
603
605
613
627
663
719
724
728
765
832
838
851
880
898
908
910
911
926
928
932
1025
1027
1034
1041
1043
1057
1059
1060
1091
1188
1212
1215
1223
1230
1231
1243
1244
1249
1261
1267
1269
1285
1330
1339
1361
1363
1396
1405
1411
1441
1449
1461
1474
1476
1487
1499
1500
1513
1515
1517
1518
1526
1534
1541
1544
1586
1596
1635
1641
1642
1643
1644
1654
1665
1673
1680
1760
1784
1816
1827
1836
1855
1876
1884
1895
1914
1917
1947
1955
1961
1963
1967
2000
2003
2004
2005
2042
2052
2054
2059
2065
2071
2082
2084
2087
2096
2100
2108
2112
2124
2133
2137
2144
2145
2149
2174
2193
2245
2248
2249
2252
2253
2279
2291
2302
2318
2321
2327
2336
2356
2369
2371
2374
2375
2381
2383
2390
2393
2395
2413
2420
2422
2423
2424
2431
2437
2447
2459
2460
2468
2469
2478
2481
2482
2500
2552
2580
2599
2657
2671
2683
2693
2699
2706
2710
2718
2733
2739
2746
2770
2788
2794
2796
2798
2804
2822
2863
2871
2877
2888
2901
2902
2908
2927
2946
2947
2948
2950
2953
2967
2973
2997
3020
3034
3044
3045
3060
3071
3082
3087
3089
3168
3174
3186
3210
3243
3247
3249
3250
3253
3254
3255
3257
3261
3262
3263
3264
3274
3296
3317
3358
3363
3387
3388
3391
3392
3397
3398
3418
3429
3435
3438
3451
3478
3480
3481
3499
3507
3538
3545
3546
3581
3608
3618
3633
3669
3686
3712
3740
3777
3783
3794
3809
3823
3826
3831
3844
3877
3893
3897
3911
3952
3967
4002
4014
4015
4017
4039
4040
4066
4080
4090
4100
4104
4105
4121
4125
4127
4128
4135
4175
4225
4248
4378
4386
4529
4559
4616
4638
4679
4700
4733
4812
4878
5008
5034
5119
5171
5339
5380
5401
5404
5464
5481
5525
5541
5577
5617
5693
5796
5876
5994
6027
6104
6218
6254
6268
6296
6297
6331
6385
6436
6750
6773
6867
6893
6942
6979
6993
7352
7647
7983
8017
8183
8365
8376
8464
8532
8622
8638
8712
8827
8949
8951
25777
27790
27815
27831
30810
31435
32291
32943
33171
33639
33722
33817
33903
34072
34148
36276
38159
40278
40629
40870
40952
41285
42018
44195
44555
44694
44761
45950
46967
46976
47629
47894
49961
51694
52952
55052
55276
55442
55814
56367
56788
58879
60950
63808
64620
67997
68237
69757
71579
72720
73860
74416
74677
76173
60
70
208
303
1359
1377
1562
1921
2046
2060
2141
2142
2232
2288
2296
2366
2502
2701
2916
3000
3074
3100
3113
3147
3275
3354
3508
3698
3703
3752
3972
3981
4161
4247
4321
4370
4558
4721
5072
5244
5463
5881
5882
6188
6264
6294
6664
6857
6936
6950
6951
7254
7360
7482
8366
8533
8784
8950
8957
26925
27904
31660
32031
33158
33495
33836
37380
37830
39381
42718
43396
44199
46322
47997
51698
52281
52321
52328
52973
53322
53519
54256
55247
55363
55620
55908
56757
59103
59126
59295
60037
60647
61024
61289
61986
62434
63131
63853
66171
66335
67087
67408
69784
69951
71135
71379
71520
72393
72489
74688
74851
77364
78105
78266
78637
79139
80939
81847
82459
82852
84944
87869
88129
88163
88785
89840
63082
92259
94959
1103
1189
1594
1608
1918
2153
2165
2373
2387
2427
2539
2598
2672
2677
2700
2735
2802
3108
3298
1193
2023
5971
5995
6350
26662
26903
31658
73881
5055
36086
47099
95167
103335
5
353
357
1094
1218
1304
1663
2006
2167
2353
2529
2654
2712
3101
3271
3355
3421
3552
4085
4270
5064
6796
6818
7027
7720
7844
8589
8607
8623
26375
44
123
673
718
783
1281
1566
1690
1809
1911
1954
2010
2020
2080
2313
2394
2409
2410
2411
2412
2664
2696
2810
3159
3310
3462
3483
3615
3945
4310
4312
4446
4640
4828
4989
5628
5690
5839
6119
6618
6660
6713
6772
7022
7099
8157
8253
8604
8917
8947
8977
26183
26340
26565
26776
26840
27156
27368
27604
27608
27704
27731
27800
30803
30867
31410
31437
32452
32657
32840
32898
33162
33270
39183
40414
44849
46723
49651
49815
50804
52885
55167
57504
60408
60609
61236
62203
64993
65261
66371
68959
69529
70533
71438
73804
81018
82169
83132
83525
84187
85179
85788
88810
90057
90474
90522
90943
92210
92422
93240
95654
97752
97938
98056
98491
98604
98607
101962
103549
103624
103984
104283
104908
106696
108977
109633
109848
112183
114552
114554
114627
115231
116136
116905
117176
117438
118702
122884
126090
133832
135456
146656
148172
1276
2001
2401
2872
2949
3176
3198
3654
3873
4124
5040
6263
6483
6561
6582
6652
6658
6659
6662
6663
59387
66934
90746
339
14
40
52
72
144
156
194
246
281
348
354
369
431
452
456
475
492
506
509
529
535
647
800
848
915
994
1050
1082
1095
1104
1131
1132
1147
1172
1185
1228
1251
1292
1300
1395
1404
1569
1701
1719
1726
1794
1810
1834
1835
1840
1857
1875
1883
1885
1894
1904
1912
1945
1948
1958
1959
1965
2002
2025
2058
2064
2109
2116
2146
2155
2166
2231
2236
2240
2243
2262
2269
2272
2289
2301
2310
2333
2334
2340
2352
2357
2370
2391
2407
2417
2418
2433
2474
2504
2528
2533
2567
2583
2611
2639
2717
2723
2734
2750
2803
2819
2890
2928
2929
2942
3006
3019
3052
3068
3072
3135
3142
3167
4424
2078
2490
2722
3623
3717
159
196
229
247
282
315
384
1037
1969
1991
2382
2764
3173
4951
408
933
940
941
1033
1931
1952
2067
2497
2570
2779
2922
3365
3444
3494
3688
3959
610
1464
2311
3081
73
1354
1619
2125
2747
2771
3477
4450
6755
36401
51091
55553
64034
68848
87485
3256
4523
345
412
909
965
1078
1453
1459
1694
1939
1953
2018
2072
2314
2384
2445
2520
2521
2522
2731
2753
2870
3004
3206
3251
3364
3370
3401
3420
3525
3599
3649
3736
3742
3801
3824
3841
4031
4084
4159
4174
4191
4238
4305
4392
4393
4419
4462
4464
4465
4474
4564
4639
5096
5114
5151
5226
5472
5581
5610
5677
5680
5707
5902
5960
6493
6573
6620
6787
6957
7121
7173
7315
8094
8695
8838
8943
8948
8968
25868
26078
27317
30812
32584
34338
43936
44759
45106
47640
48304
48326
50514
50802
50923
51471
51834
52967
55069
55830
57243
58295
58803
59258
66665
70932
71460
26
493
737
1707
1739
5015
5093
85397
4239
66203
80166
86833
86882
89470
160980
162602
164909
166486
168326
46
164
243
262
270
272
314
468
609
631
698
715
753
801
808
1177
1199
1353
1209
1263
3160
37733
55118
73344
81932
104879
112290
2278
4223
4235
5420
6286
6709
7160
8907
8972
39292
53123
54259
54995
80549
85774
162
3030
3267
3476
383
481
1245
1589
7256
38061
9
89
465
517
533
552
798
861
886
1382
1408
1604
1754
1769
1792
1801
1833
1858
1866
2013
2126
2170
2344
2347
2363
2365
2367
2376
2403
2405
2414
2457
2476
2527
2531
2561
2613
2662
2688
2719
2763
2840
2879
2989
2990
2991
2995
3005
3104
3153
427
849
1892
2348
3431
507
720
866
1224
1253
1297
1639
1689
1956
2034
2968
3213
3252
4007
4095
4846
4873
4967
5500
6078
6303
6305
6669
6786
6807
7118
7981
8426
8582
8645
8966
25752
26504
26509
27846
27865
27912
33154
37240
45728
45928
46530
47516
47518
47644
48412
50792
51077
51084
51939
67197
69644
78772
89774
82
83
645
650
656
661
707
761
762
766
781
803
809
837
955
1099
1301
2118
2730
2795
2971
3035
3037
3088
3095
3097
3359
3543
3549
3724
3727
3836
4427
4499
4710
4795
4835
4880
4916
5385
5544
6093
6448
6980
7001
7076
7107
7114
7366
7419
7618
8039
8337
8492
26133
26181
26242
31116
60487
30
35
85
94
205
326
448
501
2541
3083
3450
27020
106918
168250
177593
179815
180231
1537
2379
2642
3617
4489
81562
1296
7669
365
668
670
1446
2686
2931
3204
3461
3470
3677
4621
4941
5319
5475
6918
7063
7767
8207
71033
96606
96829
1483
1753
2282
2300
2335
2596
3668
3726
3799
3882
4149
4214
4544
4545
4649
4678
4744
5025
5391
5452
5515
5673
5879
5992
6058
6223
6288
6306
6615
6695
6890
7701
7932
8373
8974
8981
9010
27801
31420
31427
33437
33880
34271
34523
34528
34534
36535
38886
39444
44633
44788
47423
47970
48082
48696
50685
50912
53769
54281
55269
55280
55290
55444
56152
56274
56286
56333
56715
56805
58998
59022
59519
59725
60766
62155
62511
64575
66509
1077
1233
1254
1256
1272
1284
1303
1944
2015
2076
2792
3152
3334
3468
3928
4042
4463
4959
8228
8401
26564
54190
62049
24
230
930
1086
1348
1507
1730
1927
1949
1998
2097
2312
2389
2681
3169
3459
3516
3524
3526
3598
3723
3811
3819
3918
3926
3927
4166
4178
4291
4327
4349
4467
4508
4562
4672
4705
4713
4787
4803
4809
4830
4969
4976
4981
5021
5120
5128
5146
5316
5470
5646
5721
5765
5799
5938
6125
6170
6178
6180
6358
6427
6639
6743
6852
7018
7045
7046
7060
7062
7064
7116
7123
7303
7480
7493
7708
7757
7766
7790
8015
8147
8191
8291
8341
8580
8591
8690
8796
8879
8880
26203
1096
1202
1211
1264
2069
2075
2077
2130
2467
2518
2725
2859
2885
187
258
327
444
460
536
548
709
901
916
1083
1416
1457
1460
1602
1620
1688
1831
1902
1950
1985
2014
2038
2147
2188
2306
2316
2325
2386
2398
2436
2485
2563
2565
2568
2606
2622
2687
2724
2805
2846
2926
3076
3079
3155
3248
3270
3273
3316
3399
3453
3786
3895
3908
4041
4054
4153
4215
4219
3989
4033
5152
5608
7976
8807
8937
27816
27869
31225
33672
33725
34332
37382
37477
37731
37853
41571
41997
43871
45062
45442
45720
48161
48593
48596
48879
49130
49276
49286
49526
49793
49910
50442
50851
51080
51312
51418
53318
55116
55205
55245
60753
62250
62792
6593
60397
68135
69406
96588
96821
104211
104374
140174
166461
177765
103042
106491
114662
135141
135532
137857
140928
141004
156607
157200
160438
1997
3591
3791
5620
558
692
694
748
891
1024
1752
1920
1976
2017
2033
2048
2089
2090
2093
2123
2140
2173
2453
3325
3439
3440
3489
3555
4003
27178
27727
113240
135436
143969
3386
3638
4641
4728
31698
47491
67508
1081
1179
4008
5670
6082
6791
6991
7104
7460
25834
32174
36517
63393
69849
71537
76
78
81
100
118
157
182
195
305
322
338
381
386
407
436
451
537
544
550
556
569
599
606
635
674
685
830
881
905
937
942
944
949
967
984
996
1167
1226
1227
1268
1334
1342
1346
1425
1458
1542
1556
1590
1591
1593
1633
1647
1655
1687
1711
1762
1779
1799
1804
1805
1807
1824
1845
1924
1974
1982
1983
1994
2009
2022
2027
2053
2106
2107
2110
2111
2119
2120
2122
2132
2134
2135
2143
2163
2169
2171
2195
2266
2280
2283
2287
2297
2320
2328
2338
2354
2378
2380
2392
2428
2429
2430
2450
2455
2463
2507
2517
2558
2616
2618
2667
2702
2713
2736
2786
2827
2836
2841
2861
2874
2889
2898
2903
2906
2941
2961
2976
2977
2978
2982
3054
3061
3130
3177
3178
3190
3244
3258
3259
3260
3269
3286
3318
3324
3394
3404
3436
3500
3504
3512
3513
3536
3551
3566
3597
3614
3675
3684
3706
3735
3760
3770
3821
3861
3869
3871
3906
3917
3975
4010
4063
4091
4102
4109
4130
4132
74
79
86
640
842
2186
2454
2471
3635
3639
3984
4727
4814
4823
5308
5387
5943
5957
6765
8860
32296
35957
43836
45668
47382
52458
54372
55274
56941
62293
63992
65130
67734
68159
69306
71668
72407
76293
80489
80860
81788
84392
84601
86190
91077
91104
98203
100714
101362
103688
103980
105504
105844
110501
111622
120635
125916
127108
133419
185029
4454
5298
8254
26003
26413
27878
32562
33893
39768
40966
42163
45503
52245
54229
56563
57792
64969
71248
71429
71745
72224
74152
77854
79318
79357
79796
81819
86290
89090
93721
421
2729
30816
47122
56079
58154
88672
90405
94985
101088
133771
142424
166534
149
23
42
328
332
371
379
382
393
424
473
485
512
662
695
782
1352
1422
1447
1598
1609
1615
1627
1681
1744
1973
1992
1993
1999
2113
2136
2265
2315
2402
2404
2461
2462
2514
2516
2600
2676
2748
2793
2808
2835
2860
2912
2986
3040
3180
3219
3268
3327
3362
3515
3662
3663
3664
3665
3697
3701
3705
3729
3763
3835
3864
3865
3896
3901
3940
3946
3955
3978
3987
3997
4006
4052
4067
4133
4200
4203
4228
4233
4254
4255
4265
4266
4267
4276
4304
4326
4333
4341
4351
4354
4356
850
1397
1900
3003
3307
3556
3983
4292
4971
5477
5505
5553
6939
7158
7177
7285
7371
7541
31702
33487
39234
53894
54736
56607
58351
59018
69394
71450
71462
73808
86320
86781
96488
101070
3653
4824
5791
199
1305
2594
3424
3503
3910
4848
6242
6291
7024
7034
7934
8656
26007
26222
27700
27788
31952
32179
37955
38701
38992
39869
40491
43376
47999
52579
53161
58425
61240
69604
71823
72395
77629
77800
79242
80969
81140
81191
81385
81456
84775
89118
89535
89761
90376
90430
90439
90531
95058
95558
97860
103137
106452
106766
112421
112582
127164
137337
139757
142488
143367
151759
158972
159191
162414
164917
165549
166024
187595
194400
195921
263
700
946
2050
2372
2816
2857
3070
3102
4734
4155
6810
7320
49772
56389
78039
80906
93326
93498
96432
97057
97870
98154
102194
104337
104913
105211
105355
106438
106441
106983
107069
108727
108928
108981
112940
115170
115210
116397
116977
117871
117881
134214
165551
4642
5092
5419
6332
6987
7316
7380
8531
8643
33499
33815
43930
65585
67788
74275
86298
96281
97172
101142
105869
116855
143859
162578
175475
176211
2691
2936
3629
3932
26796
34542
44974
47404
51412
55253
55282
58293
64695
65037
66798
72733
73290
74754
74787
77307
85885
100556
104944
127152
139855
143476
152591
157498
158783
164411
168122
169906
80693
89864
93297
111364
111921
112175
502
2364
6946
4912
5066
6724
7453
7614
31193
32289
43560
43635
46062
52975
58047
58299
61123
62912
70334
74450
75341
77414
79572
79588
84374
87222
88108
91266
91628
92509
93272
94325
101262
101285
101415
107141
113604
126548
127202
128512
132480
141648
142997
1178
213
714
743
1365
1366
1399
51540
62644
64716
143245
900
1772
2131
2917
3341
3548
3584
3600
3672
3788
3921
3964
4184
4394
4420
4471
5288
5392
7080
7702
8008
8190
8571
8610
8617
26111
26199
31528
60948
426
63
92
102
626
637
1116
132
233
234
294
297
304
446
570
1279
1280
1480
1581
1611
1844
1860
2360
2579
2920
2966
3067
3185
3266
3683
3816
3822
4021
4062
5051
5074
5135
5890
6235
6244
6299
6442
6542
6552
6571
6971
7088
7096
7139
7299
7459
8128
8938
26527
26782
27882
33649
34336
36537
38304
39414
40946
41527
41863
42004
43333
44204
44709
45028
45635
46772
47793
49220
122926
922
1232
3022
4788
5373
6643
6777
6985
7700
8125
25750
26150
26184
31364
32460
55098
57183
74727
89759
102666
107408
107412
127052
134326
146028
163134
163645
167392
192803
951
68099
154
188
892
999
1190
1475
2511
3741
4881
6666
6966
7749
7815
25771
26326
26974
74916
85342
85401
89030
92420
98961
99764
105835
116799
118985
119655
122890
130452
152077
159858
161634
44840
45208
48520
51575
79592
100390
105468
105653
108156
109483
110771
111743
112788
122916
125914
130520
132424
148956
152079
157296
162606
168492
170403
172547
176751
179135
180985
183897
189331
194448
195777
99
3062
3196
3339
2540
2907
6770
58347
74508
89678
93988
104312
110675
110809
443
5267
7156
7714
7888
26084
40962
53993
78209
91126
91325
91653
91890
99149
103107
103339
104272
108188
110553
118997
119141
130073
134368
155
289
352
363
549
581
731
986
1169
1216
1248
1413
1498
1649
1686
1735
1797
1821
1865
2044
2049
2086
2088
2091
2121
2259
2261
2264
2295
2305
2385
2399
2408
2416
2442
2472
2477
2494
2506
2590
2630
2682
2690
2737
2751
2759
2829
2883
2891
3007
3038
3041
3048
3109
3110
3111
3117
3129
3157
3163
3182
3225
3246
3326
3385
3422
3426
3497
3557
3594
3680
3699
3704
3707
3710
3718
3767
3784
3802
3929
3953
3971
4231
950
1069
1255
1310
1456
1699
2769
2932
3134
3240
3720
3746
3747
3858
3886
3900
3915
405
423
568
998
1184
1606
2331
2451
2625
3265
121
242
302
521
65
107
135
174
414
747
833
1442
1640
2339
2633
4113
4519
4623
4677
4845
4900
5009
5102
5214
5283
5529
5584
5585
5591
122910
2544
2549
2629
2705
64
75
836
1390
1410
1439
1702
1703
2045
4802
6237
6422
6617
6887
7395
8493
1238
2070
2346
2439
3066
3078
3200
3384
3441
3467
3643
3943
4000
4047
4111
4274
4280
4296
4799
4826
4855
4903
5237
5282
5334
5650
271
5522
8132
227
1727
2432
2774
2834
3238
56801
1889
4546
5105
6266
26485
52319
72479
4
169
181
688
3676
105197
156726
3094
7260
49957
68073
78316
1311
2892
3590
3721
4445
4753
5117
5832
5864
7283
26700
27032
27478
31374
46574
54768
61465
65802
143355
206
373
735
1111
1123
1273
1585
1678
1916
2114
2160
2513
2952
2176
7132
77455
152059
3505
39446
120799
93
3409
4029
4275
71254
192389
80219
64622
691
1629
3580
4345
4737
4865
418
4770
4867
6503
7579
7753
8808
37384
38798
44889
49824
51705
52668
54004
54780
55872
60514
61071
62553
1713
3201
3498
3733
4936
6238
239
250
917
1277
1554
1881
2943
3121
2799
3208
4502
4748
4749
5139
3565
4996
5065
5265
5421
5509
5685
5792
6820
6881
7258
8011
30820
33677
33838
43
204
360
453
459
779
804
906
918
945
948
982
1009
1187
1286
1414
1468
1588
1626
1683
1888
1897
1929
1932
1936
1937
1938
1940
1943
1995
2016
2073
2095
2168
2206
2250
2263
2400
2479
2524
2546
2550
2612
2757
2789
2852
2862
2866
2875
2939
2956
3138
3194
3197
3217
3308
3330
3466
3714
3963
41
57
1489
1935
2330
3350
5446
5611
5666
6187
7263
7372
7437
32598
42015
44004
44864
44929
47778
47978
49132
56775
62344
67193
1306
1734
2284
2593
2697
2839
2972
3192
3795
3852
4009
4384
4876
4890
4898
4961
4994
5137
5325
5451
5524
5621
5747
5784
5803
5824
6003
6067
6285
6298
6335
6567
6598
6624
6686
6705
6883
6885
7028
7037
7073
7087
7137
7161
7218
7348
8575
9004
9018
27822
4699
5324
6596
6886
40581
65230
71619
73319
80551
85438
86817
88179
91079
95449
96567
97936
100383
100527
103539
110603
114007
115667
117590
123947
310
6367
27366
30822
32596
55768
86898
98243
180031
429
710
1401
1848
2154
2212
2559
2728
2772
3051
3053
3063
3189
3203
3272
3299
3502
3528
3554
3912
4061
4082
4086
4220
4285
4318
4322
479
504
1004
1432
1825
2307
2741
3115
3593
171
279
299
58156
1241
1984
2560
2867
3013
3016
3018
3621
3693
3970
4251
4437
4480
4518
4533
4552
4553
4658
4697
4754
5564
5606
5909
6214
6602
6800
6803
6975
6976
7044
7235
7236
7387
7505
7984
8142
8225
8854
8906
26558
27033
27402
27482
27592
33896
34811
40732
42011
44828
45726
51709
52694
58301
65642
68205
69134
70728
72405
73211
78836
82667
85412
86142
86347
86377
90345
97188
100163
101739
102123
108729
111384
113573
113741
113780
113862
117109
117434
121231
128360
130840
140247
140267
140523
141544
141866
143657
144976
148671
150254
152970
157361
159061
161582
161956
168254
168610
169670
169864
169984
170355
170945
174727
175303
176419
176801
176929
176937
179085
179221
180265
183611
183843
183869
188189
192307
193065
193147
193599
193944
198185
201646
202439
204542
204698
42632
13
678
742
879
1592
1623
1648
1756
1862
1887
1970
1971
1987
2117
2555
2828
2924
4158
4719
4732
4821
4990
5047
5094
5294
5323
5379
5478
5501
5523
5540
5572
5804
5883
5942
6013
6063
6250
6290
6338
6484
6616
6645
6707
6793
6794
6880
6888
6949
7317
7362
7448
7481
7773
7827
7846
8372
8800
8814
8939
8967
26471
27351
27473
27537
27618
27674
27838
27899
30894
31724
33085
33646
34334
34520
34532
37720
37857
38097
38538
39398
40339
40412
40614
40617
42725
43558
43652
43679
43904
43919
43921
44397
44729
44972
45081
45662
45730
45732
46347
46559
46572
47124
47810
47830
48262
48322
48518
48877
48997
49013
49263
49528
50798
50800
50806
51086
51925
52287
52460
52644
53004
53127
53207
53435
53447
53468
54274
54732
54771
54785
54787
54962
55020
55067
55080
55284
55577
55995
56169
57532
58078
58103
58105
58162
58315
58376
59014
59143
59256
59418
59421
59604
59684
59727
60363
60832
60937
61348
61352
61354
61697
61729
62113
62376
62394
62718
63033
63436
63479
63826
64010
64037
64116
64497
64983
65088
65126
65225
65813
65868
65882
65982
66090
66198
67695
68659
68932
68941
69278
69436
69606
70015
70159
70206
70208
70344
70599
70663
70984
71106
71131
71205
71211
71252
71318
71484
71500
71518
71571
71670
71700
71838
71878
72129
72167
72294
72380
72605
72694
72731
73101
73266
73392
73929
74228
74510
74545
74580
74685
74698
74740
74795
74946
74948
75395
75805
75813
75985
76030
76079
76210
77206
77421
77427
77667
77795
77798
77843
78041
78088
78218
78349
78467
78574
79057
79134
79428
79553
79860
80094
80241
80615
80727
80748
80831
80846
80862
80917
81156
81164
81417
81512
81535
81782
82037
82041
82152
82499
82744
82854
83374
83480
83910
84189
84395
84615
84637
84696
84732
84942
84950
85022
85025
85213
85367
85399
85510
85796
86014
86059
86293
86295
86410
86852
87028
87079
87192
87298
87483
87522
87529
87867
88118
88248
88356
88812
88932
88954
89039
89047
89343
89369
89490
89837
90357
90374
90624
90647
90717
90870
90890
91414
91505
91831
92058
92391
93270
93512
93819
93831
93855
93982
94780
94833
95067
95105
95543
95720
95873
96430
96467
96655
96815
97836
97988
98361
99437
99728
99787
99912
99957
100083
100507
100745
101529
101973
102070
102481
103299
103483
103755
103883
105731
106240
109742
176601
1085
2041
3956
4387
5054
921
1295
2098
2337
2784
3539
4005
4117
4242
4681
4682
5026
5140
6184
6536
6986
7164
7247
388
828
1171
1496
1503
1551
1733
1289
3925
4772
5812
161131
6062
6932
7484
8364
34153
6721
6722
26865
12
634
711
840
255
80
117
190
334
1392
1484
2323
2425
2443
2575
2689
2732
3055
3145
4020
4037
4055
8477
100498
991
5255
6249
8131
8605
8912
27866
31785
39427
53550
54331
59336
62235
62374
62437
64197
66156
67534
189203
190555
5532
7487
8264
78174
90576
118900
127134
6566
8859
89002
2526
2900
2979
3857
5012
5935
659
697
907
959
1941
2203
2668
2820
3469
3719
4337
4537
4612
4664
5499
5548
5642
5732
6183
7065
7069
7265
7980
8451
346
829
1856
4453
4458
4487
4589
4783
5303
5694
5927
6308
1658
1667
3571
3572
3620
5046
5127
5367
5530
15
760
3950
3998
4207
4407
5107
5678
5899
6400
6782
7025
7353
7573
8640
26131
140110
2419
3708
4030
5612
32029
56165
66783
90524
130636
34323
59985
60516
61361
65567
65685
67361
240
482
547
574
860
1191
1657
1679
2292
2492
4036
4056
4126
4372
4452
4723
4757
4765
4775
4815
4889
4899
5016
5027
5172
5309
5329
5346
5483
5561
5636
5672
6025
6166
6345
6390
6475
7787
90266
2530
3368
4439
4645
4932
5833
6162
6731
6872
8495
8507
8527
27003
27376
27555
27584
27772
27837
31114
31431
32011
32213
33834
50011
51927
54510
56339
57274
57464
58297
58332
58964
59995
65216
67073
69275
71691
72741
72787
73168
74750
152
392
417
561
612
66
241
359
422
437
484
554
704
835
897
931
1006
1105
1337
202
103372
166643
170875
259
274
810
2806
6545
65133
391
1601
1785
1975
2322
2812
3024
3430
3432
3758
990
2644
3765
4655
4954
5099
5668
6450
6998
1572
6687
6898
7013
7450
7562
7748
8596
38095
39231
42007
43419
44494
49422
54276
58107
59026
59738
65596
69027
70597
71325
73000
79946
80126
80858
82378
83302
84242
86892
87270
89804
90719
91128
91535
91978
92439
94266
95488
96501
96565
96832
96975
97024
97311
98373
99117
100302
101112
101525
102033
102684
103606
103801
104218
105585
109864
110127
111387
113103
113705
118246
118696
132796
134528
135885
136598
140711
140715
141749
141890
142448
142456
149352
155509
159193
159849
160656
161966
166291
169764
1173
7266
139655
176567
190939
3342
3797
99910
117895
5361
6779
1430
4380
3179
6304
103315
726
1003
1038
1163
1428
1463
1791
1869
2448
2574
2775
2882
2996
3405
3579
95858
4980
1731
1972
1977
1979
1996
4355
4381
4501
4580
4897
330
797
2714
2975
178
2864
96616
112450
129737
131013
134393
161922
187031
5736
5738
5740
31424
2162
869
79879
109673
157340
158830
160569
2456
2532
3930
3957
1419
2178
2238
2349
2361
2970
3606
3685
3808
3812
3813
3814
4436
177
936
1896
3028
3222
4669
4784
722
824
974
1066
1162
2239
2303
2670
2919
2935
3096
3158
3306
3357
3456
3787
4190
4646
4729
4798
4840
4970
4978
5118
5187
5198
5447
3678
1128
2488
3075
6380
6530
6748
6774
7367
8870
45210
60482
129514
130970
131724
458
571
1130
1523
1837
1964
2040
2190
2247
2298
2669
5312
5601
5655
5696
5873
54745
82167
87234
95088
105037
5090
6405
7826
26198
47721
52435
4885
5337
5372
5382
6944
102800
102993
107883
127130
127196
139120
151317
163971
177615
680
6902
8033
26462
347
1798
4661
7071
7142
8042
26587
27408
49932
55094
61262
61705
74868
92243
93475
99145
116887
128838
133645
135426
136018
136564
139642
143347
145418
146688
149334
155064
155659
166492
166705
166946
168344
171759
173197
175199
175569
176603
177287
177651
178061
178523
178667
179333
183837
184257
184721
189041
191483
192381
195497
196997
197199
197537
197691
197711
197875
199223
200822
201773
202429
4725
8208
26157
40826
72228
85259
96367
104339
619
95309
116161
148888
165103
80586
96612
157122
3064
27741
73023
6808
1595
2104
2152
3754
3936
4483
5048
5264
5357
5462
5969
7036
7255
8295
8614
6776
6714
43917
6270
6591
6977
7340
7381
7572
7646
7836
8130
8158
8266
8731
25788
25850
27391
31433
36477
39449
41573
42732
43708
46850
48319
48560
48698
48744
48783
48856
49280
49347
50064
50794
51088
51903
1002
1180
2290
3099
166
1529
33138
55267
81083
1978
1980
1981
1986
2614
2921
3021
3696
3840
3843
3938
4531
4532
4654
4673
4752
5165
5205
5569
5588
5691
5771
5891
6764
7016
7310
7376
40851
54999
66785
76091
77540
79251
96728
100397
104457
130686
152372
158528
160080
161650
162082
165603
168330
173941
174909
188301
191459
193449
194004
210
463
992
1055
1631
1661
2267
2807
4756
5414
5506
6196
6212
6219
6280
4211
5847
5937
7057
7084
7238
130075
131739
639
882
1427
135518
3613
5001
5787
5840
6228
6325
6387
6413
6485
1355
1535
3537
3616
5563
1412
3427
4479
8340
193950
522
6344
336
526
567
1406
2648
3125
6461
7745
1878
2159
2332
2519
2787
2964
3002
3031
3689
3764
3973
4077
4675
4741
5310
5415
5417
5737
5970
6220
6301
7328
8799
27839
42728
54290
67799
70183
89480
1839
3627
4396
4466
4482
4515
4662
5053
5106
5539
5580
5640
5729
33145
59333
3017
4735
6379
27338
33164
34143
45361
47952
52283
58975
60471
62733
86835
90154
92192
99470
99721
101577
111617
112818
114713
151639
160571
165105
167640
168498
180095
183295
1176
4151
4357
4359
4470
6641
7023
7042
7115
7382
8367
8576
26939
27416
36525
44301
48165
52666
55721
58432
61724
68522
71108
72386
72919
77240
89260
90600
93740
103279
105954
106195
107771
109853
113378
114028
114033
117364
118880
135567
143271
148369
151113
170827
192283
201749
2255
2499
2621
2649
2940
3395
3501
27857
58334
72131
615
2183
4914
6001
7091
7706
7933
8542
8601
8809
27751
94070
135861
194396
3375
4443
4991
5573
5843
6371
6636
6702
6763
7345
7369
8633
26554
31867
32017
53974
55176
58655
84312
4484
885
1746
1806
2026
2102
2449
2498
2535
3032
183
200
5159
6163
77328
77330
77359
8581
30883
3232
6433
7074
7079
7243
8235
8609
25753
25763
25769
217
80839
92507
112911
117466
3605
3634
1942
7899
3766
167380
170697
96966
55451
3454
52456
58494
58806
62081
70301
73015
78264
81784
179
220
295
498
499
566
764
893
987
988
1046
1324
1336
1398
1477
1490
1493
1520
1550
1564
1605
1646
1651
469
2899
2983
4287
5604
6357
6889
7089
8134
25927
25943
33463
50162
53460
59037
60007
64285
70697
71282
74553
91094
91386
95311
100044
101025
101895
102720
104245
113275
117545
118700
119155
131248
135288
142507
167746
191997
193175
194664
114060
133802
175585
180497
5667
51884
62439
69069
99007
114265
159415
159690
160271
55
124
618
664
713
844
1051
1570
2151
2674
2726
2894
5686
6202
6710
32078
32302
33585
3679
42734
57980
67867
90
331
341
617
841
1415
1755
598
5220
5368
5888
6679
6792
8511
8530
106
771
7150
160954
173291
103210
120130
133195
135887
1340
3682
3728
4488
4498
4509
4833
4945
4957
5292
7560
8016
26729
27834
53827
60943
61406
65188
67267
69324
69458
73854
74156
77201
79720
81158
81817
82534
82767
83369
85881
87304
89085
93040
96811
101106
105593
106889
110110
110586
110882
112399
116138
117867
118354
118888
118898
118930
119153
121372
121374
127146
8
87
3985
4587
5600
6538
6667
7894
27873
2749
3287
3749
3992
4142
4154
4206
4389
4704
4774
5629
7155
5354
2905
83803
138702
160718
163809
171495
189713
201588
1068
3150
4218
5498
6467
6646
7771
7982
8768
25764
26225
26681
48142
49666
51127
60763
61967
62803
63540
68536
4250
4792
31694
32019
42721
49284
56633
4079
324
438
927
2029
2738
2780
3144
3506
3622
2208
27689
449
1161
2715
2856
2965
3709
3830
3919
4665
321
621
681
1150
1812
5779
6289
115664
122898
131656
135216
148881
168418
179133
183833
184399
192385
194016
196889
264
389
1351
2435
2551
2873
3036
3127
4146
4300
4428
4888
4919
5071
5087
5088
5184
5272
5341
5348
5399
5431
5516
5722
5838
5965
6197
6337
6547
6815
6920
6978
7047
7126
7136
7333
7763
8045
8270
8608
26163
26359
26431
26603
26663
26758
26875
27768
30846
33451
34198
34321
37545
37736
47634
48045
49205
49355
50005
51007
52042
52606
54328
55555
57534
66762
73587
73681
74624
81383
81641
85354
85372
92008
93287
93422
93892
94405
101281
101498
105769
108078
108780
112460
110591
115680
5246
5820
6006
6356
6392
6394
6410
6428
6477
6480
6516
6519
6521
6533
6558
510
2036
3120
55207
95207
96417
98122
103655
114795
129779
130576
136445
140265
142222
144620
151695
152083
155288
157699
158872
162350
162594
162600
1545
2962
4329
6005
7056
26870
31934
34536
40723
94480
110295
117851
4626
6523
6525
6999
65577
72356
72737
74154
94478
108983
113225
117444
158813
161580
162590
168366
2205
523
2491
2610
4115
4205
245
1495
1497
3564
3990
4143
4241
4441
4520
4808
5460
5809
5990
6322
6642
6927
7383
7449
8119
8959
37475
136562
145839
4334
5073
4177
32589
71327
97742
117887
139415
5416
5609
3093
3700
68269
74452
80590
89072
93164
97866
113829
126430
134783
142999
144482
152017
157318
166918
167570
167832
168608
170705
170745
176355
179817
180297
187611
189885
193477
194074
194951
3181
114342
156387
164949
165527
170729
6959
8831
54270
56176
64997
73042
112868
114925
139052
140525
140713
163985
175485
191799
55999
66200
86548
5376
143365
162596
184997
138210
197879
201811
7119
44943
85777
88267
32892
4492
4493
2495
26631
48741
2066
5570
7924
31545
68347
78774
947
3347
4187
4406
6816
6856
6970
7058
7584
7620
7705
7831
7833
7834
8711
963
1445
1928
2099
2202
2441
2553
2660
2661
2817
2818
3143
3199
3311
3367
3372
3487
3519
3576
3604
3725
3737
3759
3768
3776
3792
4045
4188
4294
4323
4338
4339
4353
4411
4414
4416
4434
4473
4475
4534
4690
4813
4918
4939
4966
5062
5063
5193
5199
5230
5300
5410
5435
5440
5468
5497
5651
5801
5826
5830
5859
5983
6181
6239
6401
6429
6455
6458
6470
6478
6518
6732
6784
6785
6849
7003
7070
7072
7128
7208
7210
7319
7617
7840
7889
7991
8379
8387
8395
5602
5632
189
228
309
1508
1910
2969
3529
8169
71
129
283
564
600
1153
461
2207
2210
3292
5002
4902
48061
49412
3909
1660
2158
2181
4317
6159
6549
54796
62265
69253
275
2925
3161
3224
3309
3412
3415
3559
3632
5109
5304
5389
5480
5504
7374
7396
7587
7756
7759
7926
8197
8239
8836
8946
26082
26236
26246
26347
31309
33124
33681
36289
36363
36397
37739
41828
42730
45074
46337
47264
48414
48825
56093
56846
56915
63515
64249
69654
69712
72603
76054
84844
85312
89904
102602
107410
109850
116411
120478
120625
130978
133712
134252
136016
138208
138835
140341
141818
141844
146327
147300
147330
151455
151769
159811
159819
160573
160848
162598
163072
163112
163386
164175
168266
170777
171749
172009
172577
172587
173369
173939
176523
177497
177689
178827
179331
180045
181315
182723
182825
189783
192245
192379
136602
143345
179749
179881
188797
193958
52448
79541
82173
85211
95201
101296
141422
3223
3521
4500
4506
4624
2051
2587
3474
3511
3553
3743
3892
3898
4164
4168
4169
4224
4240
4496
4526
4572
4574
4577
4602
4613
4614
4686
5080
5081
5134
5363
5476
5527
5531
5556
5625
5663
5665
5815
5841
6012
6014
6040
6060
6185
6210
6222
6265
6330
6374
6506
6619
6703
6720
6734
6751
6790
6806
6839
6862
6868
6882
6909
6958
6994
7000
7014
7017
7041
7048
7151
7169
7294
7321
7326
7375
7377
7379
7477
7657
8019
8093
8268
8362
8369
8501
8526
8578
8639
8730
8795
8805
8815
8832
8835
8866
8869
8908
8918
8941
8963
8982
26629
26688
26746
26819
27397
27434
27784
27802
27828
27833
27905
31367
31553
31807
32239
33644
33683
34129
34530
36509
36513
36531
36533
37495
38388
39307
39400
40148
40959
41716
42946
43556
43908
43912
43914
43932
44058
44731
45003
45183
45221
45440
45852
46974
47044
47254
47394
47937
48416
48678
49282
49312
49314
50147
50445
50954
51037
51498
51660
51666
51931
51937
52241
52712
52717
52724
52831
53326
53999
54116
54612
54686
54775
55190
55241
55250
55261
55272
55278
55288
55729
55732
56003
56908
57147
57353
57401
57421
57526
57536
57538
57637
57951
58306
58485
58972
59016
59107
59306
59404
59594
59709
59908
60020
60141
60538
60941
61026
61167
61246
62799
63222
64032
64231
65601
65631
65772
66304
66596
66691
67168
67186
67620
68444
68486
68552
68650
68749
68963
69118
69131
69304
69574
70361
70565
70567
70769
70994
71466
71573
71732
71910
72165
72176
72591
72696
72762
72980
73511
74131
74370
74488
74532
74573
74668
74944
76317
78703
78729
79590
79684
80026
80398
80864
81516
81804
82053
82093
82244
82447
82527
84613
84952
86355
86815
87205
87785
88235
88593
88950
89028
89087
89302
90469
90471
90476
90578
90738
90888
91273
91323
91474
91483
91660
91681
91842
91972
92048
92198
92309
92681
93242
93443
93563
93766
93954
94503
94813
94867
94896
94953
95237
95443
95567
95583
95761
96121
96448
96490
96693
96857
96917
96964
97232
97328
97643
97785
97832
98054
98239
98279
98296
99106
99530
99574
99741
99996
100108
100244
100326
100469
100737
100810
100882
101076
101137
101283
101360
101612
101741
101761
101997
102066
102072
102088
102160
103048
103055
103366
103849
104074
104078
104441
104736
104863
104881
104906
104925
106330
106540
106542
106785
107436
107702
107769
108949
109157
109187
109191
109243
109569
109895
110322
110453
110611
110826
111375
111551
111661
111663
111924
112497
112727
112804
112897
112946
113188
113252
113348
113453
113640
113769
114044
114074
114246
114329
114439
114601
114670
114818
115216
115534
115967
117549
118082
118706
118924
120392
120637
120783
120825
124859
127096
127136
127218
128488
128520
128975
129428
129707
129937
130087
130448
130496
130642
130684
131170
131439
131796
132128
132157
133377
133782
133867
134246
135137
138204
139747
140725
140737
141718
141799
142598
144606
4444
4767
6122
6650
7792
8044
8167
8754
26085
26152
26386
40973
4947
41411
50440
54910
42418
1121
1454
2597
2615
3773
65465
2043
2148
8651
4347
5425
5682
5949
7202
8485
8537
27563
31903
57910
4129
638
1053
2659
2851
3769
3805
3834
3937
4106
4541
4617
5250
6850
7802
8334
26704
4863
7227
8833
45880
97957
867
7781
31700
2276
3128
3457
4256
5222
5638
5941
6466
6587
4092
4603
38
472
1919
2286
2458
2473
3014
3042
3043
3619
3690
3846
126
577
1312
1525
1612
1870
2275
2709
2876
2880
3118
3183
3329
4915
5003
5038
5069
807
4316
26547
31422
70282
90343
90403
92938
94015
100487
103541
104076
106062
108689
114762
115381
118496
122888
127140
127198
130450
134170
142536
148652
151315
151739
152063
152091
155812
155820
156609
157312
160563
162322
164200
164821
165347
165947
167036
167738
168554
170399
175661
176933
184999
188749
193942
195823
197529
565
5613
27186
91622
106762
107953
130506
130508
3077
4634
6995
7925
26712
32387
50658
82242
2638
3445
175981
2744
55946
94810
53
666
755
146
301
956
960
961
973
976
1026
1750
1767
1863
2032
2035
2055
2057
2062
2079
2237
2377
2609
2637
2647
2651
2652
2656
2663
2665
2666
2711
2782
2886
2893
3011
3015
3069
3073
3086
3132
3139
3188
3284
3403
3433
3434
3602
3771
3807
3820
3833
3923
3931
3933
3951
3974
4028
4186
4189
4263
4272
4284
4331
4401
4403
4412
4429
4477
4486
4495
4557
4565
4618
4625
4676
4688
4696
4738
4771
4786
4790
4801
4804
4909
4965
4972
4987
4998
5028
5076
5101
5122
5141
5167
5223
5227
5231
5232
5234
5241
5247
5268
5290
5335
5352
5353
5358
5383
5493
5538
5550
5552
5589
5603
5639
5644
5649
5745
5800
5836
5981
6039
6045
6100
6124
6230
6231
6315
6316
6451
6452
6457
6459
6559
6584
6657
6730
6735
6749
6798
6813
6826
6864
7082
7093
7178
7198
7211
7212
7216
7250
7259
7311
7389
7394
7416
7440
7619
7698
7743
7817
7916
8404
8460
8487
8502
8661
8675
8725
8726
8773
8884
8894
8915
8916
8923
8989
8998
8999
25827
25870
25937
25996
26101
26398
26492
26555
30898
32116
32139
32469
33312
33358
33826
34359
41769
467
58627
71129
73488
104303
105742
120474
122902
124867
129370
138104
141688
151345
156000
161354
1455
2809
4053
4442
5598
6319
6464
6625
7165
2164
525
4277
6996
7179
30850
53189
69818
77191
86000
103306
105755
169982
170629
197175
197707
200540
203222
204352
58303
81132
86884
87004
89846
97395
100843
102753
113207
127114
128606
128620
142492
164367
165337
806
4160
486
580
939
1332
2056
2368
2650
2847
3390
3393
3520
3922
3966
4068
4131
4426
4490
4511
4521
4599
4610
4652
4680
4714
4921
5017
6064
6120
6201
6232
6273
6574
6629
6638
7026
7054
7728
7845
7891
25929
26148
26750
27871
50160
61401
179173
757
6077
7486
26585
26694
53024
2884
602
3855
4024
1966
2830
3691
3739
3894
488
935
1044
254
7300
68519
2937
4632
4279
6783
6981
7206
7301
7485
8684
26052
26151
26171
26280
26578
44653
44657
970
2047
2180
2184
2185
2362
2554
2634
2781
3340
3345
3379
2350
2988
3029
120
212
1168
1170
1323
1516
1583
1599
1867
1988
1989
1990
2525
2655
2800
2868
2974
2992
3216
6678
7102
7570
144172
171439
173925
176935
4293
5582
26158
106011
50703
2196
2582
3596
3790
3320
115881
45175
53140
140160
2913
42197
52806
58490
61075
32582
5111
1349
3304
2562
4298
6752
77846
2257
3090
3112
3851
4078
4183
4216
25923
33288
97393
99468
409
1519
32825
69524
4595
5933
34552
42958
50651
58839
70643
65435
447
1670
251
192383
5305
287
6300
6583
6989
7349
8494
8844
25825
1151
1329
1341
1757
2074
2256
2483
2557
2635
3119
3133
3205
3344
3658
3757
3832
3859
3875
4119
4195
4236
4282
4289
4336
4350
4404
4605
4711
4785
4789
4893
4911
4927
4956
5007
5042
5390
5489
5555
5734
5735
5749
5752
5764
5769
5780
5797
5914
5980
5999
6094
6140
6148
6195
6243
6396
6460
6610
6727
6780
6840
6974
7029
7067
7124
7217
7222
7335
7492
7564
7650
7713
7881
7895
7896
7897
7923
7943
7951
7990
7993
8196
8447
8670
8882
8928
9005
25866
25954
26002
26116
26119
26122
26124
26134
26231
26258
26283
26303
26306
26393
26425
26606
26616
27820
30701
30892
31150
31270
34018
41014
211
563
8363
2179
61250
60894
96969
1192
1946
2589
6022
6269
65418
2534
4440
4773
8459
66915
6768
59118
92643
5772
6609
8840
26391
27722
27843
33750
42094
42217
46855
56885
58554
65142
66744
68263
69995
72171
76111
81791
87660
94126
96751
99917
100344
101893
103685
115828
127178
127565
128604
156371
156605
159917
162592
162738
164899
167370
169900
96
335
483
649
846
929
1117
1164
1236
1437
1728
1788
1846
1934
2227
2285
2304
2585
2607
2624
2801
2837
2865
3008
3010
3165
3239
3289
3302
3319
3371
3518
3731
3756
3849
3854
3862
3885
3947
4141
4147
4227
4259
4273
4432
4644
4687
4740
4743
4759
4819
4847
4868
4872
4977
5023
5078
5112
5145
5153
5258
5287
5297
5375
5397
5423
5443
5450
5465
5485
5605
5607
5615
5633
5635
5657
5689
5712
5788
5794
5867
5893
5951
5962
5984
6021
6031
6216
6327
6329
6366
6368
6412
6531
6579
6581
6668
6756
6769
6789
6967
7020
7030
7032
7038
7043
7055
7085
7086
7286
7297
7364
7410
7442
7456
7637
8012
8221
8338
8516
8573
8612
8724
8862
8930
8955
25805
26172
26745
27180
27271
27792
27851
31737
47261
55063
56060
58492
59141
59590
59915
60333
61678
62115
64701
109740
1426
1547
1582
2752
1565
1913
3406
3958
4360
4811
120138
42009
48711
64114
154915
8456
76738
964
3496
3628
3738
3806
3789
6896
7008
7010
7478
33454
50740
114635
2037
184
1563
177763
425
632
1000
1076
1668
1759
2201
2204
2426
2548
2842
3124
3428
3550
3567
3732
4438
4620
4842
5161
5192
5347
5433
6271
6526
6653
6797
6809
6817
7009
7040
138
390
702
746
1114
1417
1533
1575
1859
1925
1926
1933
2024
2182
2221
2260
2271
2493
2503
2586
2620
2678
2727
2767
2848
2887
2963
3050
3140
3475
3540
3562
3637
3640
3645
4035
4072
4152
4176
4194
4237
4252
4268
4278
4391
4405
4410
4433
4731
4768
4769
4780
4782
4806
4852
4871
4920
4928
4962
4964
5011
5022
5095
5121
5131
5170
5177
5221
5238
5438
5560
5825
5875
5932
5986
5993
6002
6008
6023
6051
6101
6118
6123
6211
6339
6341
6509
6611
6644
6684
6837
6851
6869
6935
6963
6982
6983
6984
6988
7039
7068
7078
7135
7172
7215
7586
7789
7832
7835
7883
7919
7936
7941
8126
8153
8188
8195
8199
8256
8335
8491
8521
8600
8602
8618
8620
8718
8740
8785
8797
8813
8848
25741
25755
25757
25766
25773
25774
25793
25826
25833
25856
25891
25898
25901
25916
25930
25938
25940
25947
25952
25963
26055
26064
26094
26208
26237
26366
26400
26699
26713
26965
27255
31162
31950
31973
32525
32770
32792
33072
34155
35015
35347
43460
43832
43897
44168
44587
44937
46664
46803
47150
47274
49389
49394
49917
50259
50594
50742
51573
52528
55687
55901
58191
60201
62577
63698
67223
67429
67801
70708
70846
72703
81751
81786
82463
83976
84116
85790
87194
88127
89896
89900
90378
90428
91571
91869
91902
92475
93723
94931
95744
96150
97168
97673
100106
102588
103027
104361
111251
113064
127116
127128
127298
128671
131168
134881
140816
148238
151605
155874
160289
161348
163959
164107
167064
169164
173205
175667
179119
181671
184987
187501
187717
188207
188623
188773
191869
192045
193697
200938
4046
4629
6446
7061
8765
25852
40988
49647
200354
1423
1624
5458
8273
8978
2061
6042
7489
7915
41025
2515
2790
3715
3962
4123
4425
4636
4685
4758
4831
5240
5597
5898
6665
6744
7193
2187
2475
1574
278
470
67
375
862
1880
2241
2755
3103
3491
3713
4043
4584
4600
4622
5197
5359
5521
5688
5723
6115
6217
6568
6832
7012
7035
7613
8634
8667
26561
45382
45506
51094
53002
55286
56508
56671
60939
61449
70898
79897
82589
90528
106841
42002
73513
83424
66130
99750
103017
103727
112087
141946
161954
162882
165101
183011
183421
184253
184471
27876
3241
4750
6252
26760
47384
65193
55955
74541
77837
105250
26476
44613
119
981
5915
8911
78034
80222
83086
85007
85565
95199
96314
99371
109189
38294
4850
25995
26005
26012
41627
51277
80350
83219
89190
110968
111235
118896
139130
146309
157797
159441
162828
169992
171765
174585
182637
184017
135534
155968
46653
189363
6375
8117
57502
61210
72043
80617
4504
33779
166558
823
834
847
853
854
870
876
877
2545
2626
2844
5947
27685
43684
80775
298
751
767
2434
3446
3711
4116
4517
4570
4581
4591
4627
4628
4633
2101
2103
1539
2172
2465
148667
1684
4221
4985
5039
5424
7101
43869
57223
63433
66639
164981
4683
7005
140481
8482
32025
78679
80880
2984
4712
5000
5035
5123
5743
4578
2704
79798
167018
170357
26472
496
756
997
6041
6441
7033
7228
7308
7782
8933
4373
5059
148
394
703
121169
168712
142422
183619
200820
2536
2537
3612
3775
61255
4390
6805
27636
50003
67665
108
114
137
582
614
630
633
660
705
706
712
732
791
793
813
827
896
993
1040
1056
1058
1075
1112
1119
1313
1317
1318
1383
1384
1444
1450
1472
1501
1502
1504
1509
1511
1514
6425
4566
4611
4637
5643
6424
7031
7225
7704
27450
31689
36850
40955
47465
47725
70992
81257
89305
89898
90645
92920
94323
95307
97950
102905
104274
104631
107314
110655
112070
116951
127319
134109
134184
136463
137595
138212
147326
157224
157268
159755
161127
164931
166568
167544
167546
168288
170645
170813
170957
171867
175655
177237
177239
177607
177771
179953
180987
183635
185001
185473
186587
187231
6193
3235
4988
5437
5619
5739
41226
27523
48591
52279
91134
98230
114459
141397
46865
52462
187505
196891
197201
5637
26349
3961
4736
5284
6037
2031
2177
2897
2209
5068
7302
7786
26350
1621
4199
6630
7616
33830
91290
7847
27329
6229
60291
69140
84
3221
3920
5940
5963
6226
6233
6398
7095
7122
7334
972
48032
4864
5482
5647
27850
385
1695
1841
1879
2341
3046
3423
3509
3514
4615
4836
495
1325
114494
205383
2345
2783
6382
76060
4761
1650
3447
3965
4098
4561
91690
1771
2189
4138
4213
4497
4543
4597
4635
4663
4283
6892
2721
6723
6858
7809
42900
1152
2512
3092
3872
4342
5168
5340
5398
27797
4097
5697
8885
31502
47446
59715
97701
107649
113565
115629
144982
150294
165503
2566
26467
3230
476
1054
4415
4834
33621
6827
462
3692
4297
5136
31547
60341
84156
85394
142420
2849
132798
6812
1482
2342
38320
134248
166532
1087
5333
33592
34326
7134
26159
32914
50842
2853
2878
3281
4222
4397
4478
4494
4563
4585
4619
5442
5456
6314
6348
6349
6614
6631
7019
7117
7707
8932
8934
26249
26294
26717
27369
27746
31026
31555
32009
33294
43677
43923
50158
51520
66066
66659
85016
88272
93598
97194
101074
103219
106870
115414
125970
125972
127390
128944
136447
6900
8512
5818
6215
6346
6884
7167
54513
430
1829
3659
3837
3839
4064
4065
4568
4934
4950
5235
5653
5692
5770
7280
8330
8772
26269
26270
26540
26736
27109
34292
53883
59731
62801
66427
76130
80844
89650
94799
100159
100579
143387
145070
149011
156369
158842
163056
168328
171253
174395
178521
179247
183613
188941
192561
194947
197663
8779
65612
112316
119068
120132
129659
132496
132800
135504
140529
142032
145030
145935
155743
165141
5428
31035
1826
3574
4567
5248
5448
5958
8811
8830
26828
32022
41724
244
980
44238
3547
51372
173209
159717
754
1922
164540
3245
4395
5056
7942
8484
26318
71304
90809
90914
90947
91199
91488
95375
95856
96911
114066
115824
134849
136204
139575
152065
159195
165969
166788
170635
26495
51174
79006
116668
160565
167634
184931
185585
187067
188303
3351
3652
4417
5726
6066
6395
6910
7561
25971
269
4122
4708
5434
197689
200306
200332
1893
64278
59
5923
6114
6672
33421
1692
82143
3838
4849
4870
4884
957
132660
131
2128
3425
8261
26524
27716
8739
33564
83293
1814
108825
139721
3577
3626
6969
8905
1113
55071
44225
53466
125974
187613
6696
1571
3903
54734
183589
1331
8331
31260
151781
2765
3338
5874
7171
7930
26285
27884
68194
96563
101850
102819
105429
109846
110297
176423
178613
185927
186983
1770
3214
1632
1666
1677
3874
4012
2007
2157
2440
3586
4555
3012
5968
6186
6961
7307
26240
54075
60503
3774
6203
6240
320
701
6997
76763
163937
193956
3587
6973
133798
168286
157961
2758
6105
7304
7615
26422
31255
3437
4089
26464
58291
69746
59810
3141
3490
3694
3695
6153
8520
8767
25855
27491
30745
32234
48872
50274
62836
69988
78116
94558
114392
132112
165645
170939
191351
183423
26680
109687
190089
6612
54908
58223
94969
127212
147250
147328
160567
162478
166526
168060
170401
170817
173535
175813
8534
55255
59220
71688
3913
4527
157274
7262
48522
50796
53138
69805
71550
90620
107565
132961
134374
149354
149830
187723
188307
188751
190183
190949
191469
195163
196223
196417
201586
202393
5664
83177
88468
91671
106022
110130
117922
5454
3056
6811
44197
112334
6279
831
8872
43744
50183
70687
78746
110461
120807
132549
157373
185109
189475
194348
64499
64501
44399
5852
60293
2388
59440
5142
6577
63179
70641
5422
7261
57520
65939
26169
70849
7059
2776
3283
5041
4409
6628
7257
4512
57543
94939
4516
4332
4423
4929
5077
5360
5471
5568
5705
5773
5961
6092
6143
72104
2577
2766
4217
4468
5279
5896
42013
6524
115991
1669
4822
8642
56095
80185
84273
89102
93265
117123
4212
33539
411
1725
27441
2778
5675
6032
7175
27022
27664
41941
48342
53859
57370
69516
69934
71876
71902
89629
96863
103867
104712
114678
131237
197343
202103
31617
3905
4766
26550
100581
1671
4286
4290
4320
4328
4352
1613
126426
4573
5033
5036
5061
5311
6419
33036
131050
5817
2446
6592
6689
4204
92694
139417
140162
50149
54278
73664
136542
3389
3782
5125
2397
110718
157276
4689
4777
4930
5731
6320
6795
26170
41585
47152
143444
170411
195161
1656
1780
3810
3884
4083
4110
4229
4313
4485
4569
4593
4608
4609
4659
4862
5307
5486
5901
5988
6169
6204
6352
6468
6508
6517
6718
6990
6992
7021
7305
7354
7988
8378
8383
8864
8927
26562
26696
27373
30818
31223
32058
32203
39419
47202
51357
52375
52591
52867
66385
72330
85316
89074
92264
98585
115147
115502
116907
118760
130578
142372
144632
151777
152071
187815
195167
32298
34164
104137
5075
84570
47950
3716
2945
8782
25999
41617
57326
89281
92234
93980
128592
4081
4162
4524
5215
26491
26513
31251
32721
80553
90863
141924
167564
6527
27879
1793
113250
79073
1854
1906
3331
3531
184015
7011
91371
98017
114184
4398
49688
3544
1063
1696
2695
3282
3796
3914
3941
4476
4505
4514
4525
4540
4670
5213
5427
5768
6481
6859
7716
8701
8720
26686
26726
61948
7092
3761
4598
4837
7636
7730
32627
33966
65810
75425
93693
174815
188309
190085
191367
192551
192559
32196
27778
8839
6948
8593
111778
7581
8920
49
26788
4522
5085
152061
158260
183701
185425
187601
26322
6945
775
2833
3122
4001
5974
5975
6409
6814
7015
7313
7626
8535
8689
8738
58418
99220
1546
5169
8121
43497
57772
63189
70032
729
4179
6241
6257
7577
8650
25744
25797
26394
31522
111130
116660
158956
6260
8446
46919
2708
77
3588
4371
5466
5660
7944
26313
513
2914
5439
6116
5829
8919
8931
37855
38600
52227
62137
83270
1144
6044
192393
25886
48598
61646
71928
5164
6251
7378
26302
70862
61257
77833
3655
5777
5854
5869
7050
7219
6158
97462
100611
116217
128968
26344
66544
4999
7181
8584
25839
26178
31930
32371
51678
116817
148775
169166
186311
759
8868
50641
3400
27073
51063
7355
61073
74484
83798
86628
89356
92152
93432
135530
143257
157326
160112
189241
201368
89388
192579
58246
573
769
966
1067
2211
3049
3137
3276
3414
3449
3563
3674
3734
3870
4201
4209
4586
4588
4722
4796
4800
4807
4895
4917
4925
4944
5005
5233
5289
5395
5453
5513
5543
5802
5808
5916
5936
6020
6036
6047
6057
6127
6154
6234
6245
6318
6416
6454
6488
6528
6613
6725
6747
6771
6829
7051
7157
7190
7205
7415
7580
7585
7725
7791
7879
8024
8056
8062
8336
8385
8410
8496
8499
8710
8727
9000
25795
25828
25841
25865
25918
25945
25961
25993
26479
26487
26488
26770
26838
31030
31485
31687
31770
32160
32369
32728
33781
39886
40574
42021
44949
47976
48791
49642
50153
54934
55257
55895
60758
78517
155625
6671
86487
2197
6107
6599
49524
583
32300
38188
48883
54094
59549
60530
60735
61991
50858
185997
100440
165937
100436
156944
31148
3611
5409
8841
8855
31445
7979
50066
27362
27518
58111
89554
111255
26842
8713
88746
197203
56167
27922
95135
105351
3673
74791
77177
127204
141408
26599
83827
91673
169218
189873
58652
98956
139525
191489
96456
31123
31408
41136
67252
109042
185031
1538
2523
4197
7199
2509
4630
92944
8956
5029
5461
4181
5596
6293
8574
34540
1549
105246
1822
3402
184239
53988
89570
99305
1421
2923
3417
1154
6757
60649
73572
5314
6802
25941
6334
6683
7223
7920
8732
27647
716
97984
145150
157338
106030
109072
26083
26395
3960
55259
4755
73027
96667
8260
142074
5243
89321
3982
7987
8222
32743
50447
81180
7130
5503
6762
92954
79463
65588
56001
64229
72169
109181
113532
184089
111249
52838
68324
3211
200256
2813
3845
4185
5526
6126
6192
8275
1891
70706
1773
3847
5546
26241
26947
48231
51545
63181
63676
173139
178335
1335
5276
5717
5754
2464
3667
96411
2358
7884
26695
31101
33558
49265
6176
8332
696
1098
1853
2653
2756
3343
3573
3780
3939
4198
4560
4653
4666
4715
4717
4949
5189
5211
5343
5715
6132
6141
6168
6326
6476
6597
7986
8899
3202
7241
7338
8753
48059
26317
46959
77596
182479
189577
2814
58622
60382
91548
27216
5662
96020
3442
139857
2824
33819
4503
6423
2904
184023
185979
201594
69685
105519
126599
147410
155392
185033
188541
1473
49856
58706
79824
169656
175659
5436
6035
6065
27648
34435
27005
80928
154941
2219
2933
25911
49225
175809
176105
34482
59339
6351
190551
1662
4794
133001
183197
185989
103554
6403
7272
130956
131714
132883
159447
193952
4692
4706
4399
5058
6430
30712
40586
50517
80572
95939
134859
147847
1675
3781
130628
601
503
2673
3218
3473
4330
4671
4716
5179
6247
7918
8751
60522
73183
131920
60128
4038
5224
52929
53921
63239
7284
91886
79895
176103
177225
43910
58876
136485
4408
66310
3171
27163
91844
116307
178401
94469
2200
26985
64167
1874
27423
108787
2646
79533
102991
177871
40887
8752
33136
190947
196893
75983
889
71542
60992
70451
5202
53578
6109
7111
73829
4894
3666
4590
5763
195305
6801
180587
5212
134569
168420
193185
2785
6498
74089
2175
5855
5998
57845
98975
133281
4695
25904
31590
32853
47306
53887
4779
137863
7292
33126
56379
60289
62834
3804
50229
1864
59607
6844
96373
179137
5366
127206
3942
118202
